28 21 72
  34   18   53   72   72   72   72   42    0   72   72   72   72   72   72   72   72   72   72   72   72   72   72   72   72   72   72   72 
  72   72   67   49   72   72   72   72   54    0   72   72   72   72   72   72   72   72   72   72   72   72   72   72   72   72   72   72 
  56   18   11   72   72   72   72   72   72    3    0   72   72   72   72   72   72   72   72   72   72   72   72   72   72   72   72   72 
  70   10   72   72    9   72   72   72   72   72    4    0   72   72   72   72   72   72   72   72   72   72   72   72   72   72   72   72 
  44   38   72   58   72   72   72   72   72   72   72    3    0   72   72   72   72   72   72   72   72   72   72   72   72   72   72   72 
  72   20   58   72   14   72   72   72   72   72   72   72   42    0   72   72   72   72   72   72   72   72   72   72   72   72   72   72 
  36   72   46   72   72   72   72   72   72   27   72   72   72    9    0   72   72   72   72   72   72   72   72   72   72   72   72   72 
  21   72   43   39   72   72   72   72   72   72   72   72   72   25   72    0   72   72   72   72   72   72   72   72   72   72   72   72 
  23   55   72   72   72   72   72   10   72   72   72   72   72   72   72   62    0   72   72   72   72   72   72   72   72   72   72   72 
  72   72   26   72   72   72   36   72   72   72   72   72   72   72   72   72   24    0   72   72   72   72   72   72   72   72   72   72 
  72   72   44   72   72   68   72   72   72   72   72   72   72   72   26   72   72   72    0   72   72   72   72   72   72   72   72   72 
  72   31   72   72   12   72    1   72   72   72   72   72   72   72   72   72   72   72   51    0   72   72   72   72   72   72   72   72 
  45   50   72   72   72   72   72   72   72   72   64   72   72   72   72   72   72   72   72    7    0   72   72   72   72   72   72   72 
  59   31   72   72   49   72   72   72   72   72   72   72   72   72   72   72   72   72   72   72   55    0   72   72   72   72   72   72 
  72   30   72   72   72   72   72   72   72   72   72   19   72   72   72   72   72   13   72   72   72   72    0   72   72   72   72   72 
  41   72   57   72   72   72   72   33   72   72   72   72   72   72   72   72   72   72   72   72   72   23   72    0   72   72   72   72 
  70   72   72    3   72   53   72   72   72   72   72   72   72   72   72   72   72   72   72   72   72   72    9   72    0   72   72   72 
  72   28   67   72   72   55   72   72   72   72   72   72   72   72   72   72   72   72   72   72   72   72   72   69   72    0   72   72 
  72   72   44   72   11   72   72   72   65   72   72   72   72   72   72   72   72   72   72   72   72   72   72   72   10   72    0   72 
  61   72   13   72   72   72   72   72   72   72   72   72    5   72   72   72   72   72   72   72   72   72   72   72   72   70   72    0 
  72    1   72   43   72   72    4   72   72   72   72   72   72   72   72   72   72   72   72   72   72   72   72   72   72   72   57   44 
#          2         3         4         5         8        10        12
#   0.471700  0.333600  0.010200  0.042600  0.007000  0.004900  0.130000
