28 21 72
  42   34   18    0   72   72   72   72    0   72   72   72   72   72   72   72   72   72   72   72   72   72   72   72   72   72   72   72 
  72   72   72   72   47   72   72   67   54    0   72   72   72   72   72   72   72   72   72   72   72   72   72   72   72   72   72   72 
  72   56   18   72   72   72   72   11   72    3    0   72   72   72   72   72   72   72   72   72   72   72   72   72   72   72   72   72 
  72   70   10   72   72   72   72   21   72   72    4    0   72   72   72   72   72   72   72   72   72   72   72   72   72   72   72   72 
  72   44   38   72    7   72   72   72   72   72   72    3    0   72   72   72   72   72   72   72   72   72   72   72   72   72   72   72 
  72   72   20   13   72   72   72   58   72   72   72   72   42    0   72   72   72   72   72   72   72   72   72   72   72   72   72   72 
  72   72   72   72   72    8   72   46   72   72   72   72   72    9    0   72   72   72   72   72   72   72   72   72   72   72   72   72 
  72   72   45   39   72   72   72   72   72   16   72   72   72   72   68    0   72   72   72   72   72   72   72   72   72   72   72   72 
  72   23   72   72   21   72   72   61   72   72   72   72   72   53   72   72    0   72   72   72   72   72   72   72   72   72   72   72 
   9   72   29   72   72   72   72   26   72   72   72   72   72   72   72   72   24    0   72   72   72   72   72   72   72   72   72   72 
  72   49   72   72   72   72   19   44   72   72   72   72   72   72   72   72   72    4    0   72   72   72   72   72   72   72   72   72 
  72   72   31   72   72   72    1   72   72   72   72   72   72   72   72   20   72   72   72    0   72   72   72   72   72   72   72   72 
  72   45   50   72   72   72   72   72   72   72   72   36   72   72   72   72   72   72   72    7    0   72   72   72   72   72   72   72 
  72   72   31   68   72   72   72   72   72   72    6   72   72   72   72   72   72   72    8   72   72    0   72   72   72   72   72   72 
   2   72   72   72   72   72   72   58   72   72   72   72   72   72   72   72   72   72   72   72   55   72    0   72   72   72   72   72 
  72   41   72   72   37   72   72   57   72   72   72   72   72   72   72   72   72   72   72   72   72   23   72    0   72   72   72   72 
  72   70   72    3   72   53   72   72   72   72   72   72   72   72   72   72   72   72   72   72   72   72   72   62    0   72   72   72 
  72   72   28   72   72   55   72   67   72   72   72   72   72   72   72   72   72   72   72   72   72   72    2   72   72    0   72   72 
  72    9   72   72   72   72   72   44   65   72   72   72   72   72   72   72   72   72   72   72   72   72   72   72   10   72    0   72 
  72   61   36   72   72   72   72   72   72   72   72   72    5   72   72   72   72   72   72   72   72   72   72   72   72   72   70    0 
  72   17   72   72   43   72    4   72   72   72   72   72   72   72   72   72   72   72   72   72   72   72   72   72   72   30   72   44 
#          2         3         4         5         8        10        12
#   0.471700  0.333600  0.010200  0.042600  0.007000  0.004900  0.130000
